name: yolo_venv
channels:
  - pytorch
  - conda-forge
  - defaults
dependencies:
  - blas=2.117=mkl
  - blas-devel=3.9.0=17_win64_mkl
  - cudatoolkit=11.1.1=hb074779_12
  - dataclasses=0.8=pyh787bdff_2
  - freetype=2.8.1=ha63716d_1
  - intel-openmp=2023.2.0=h57928b3_49496
  - jpeg=9b=hb83a4c4_2
  - libblas=3.9.0=17_win64_mkl
  - libcblas=3.9.0=17_win64_mkl
  - liblapack=3.9.0=17_win64_mkl
  - liblapacke=3.9.0=17_win64_mkl
  - libpng=1.6.37=h1d00b33_2
  - libtiff=4.0.9=hf1753bf_1
  - libuv=1.44.2=hcfcfb64_1
  - m2w64-gcc-libgfortran=5.3.0=6
  - m2w64-gcc-libs=5.3.0=7
  - m2w64-gcc-libs-core=5.3.0=7
  - m2w64-gmp=6.1.0=2
  - m2w64-libwinpthread-git=5.0.0.4634.697f757=2
  - mkl=2022.1.0=h6a75c08_874
  - mkl-devel=2022.1.0=h57928b3_875
  - mkl-include=2022.1.0=h6a75c08_874
  - msys2-conda-epoch=20160418=1
  - ninja=1.11.1=h91493d7_0
  - olefile=0.46=pyh9f0ad1d_1
  - pip=21.3.1=pyhd8ed1ab_0
  - python=3.6.15=h39d44d4_0_cpython
  - python_abi=3.6=2_cp36m
  - pytorch=1.8.0=py3.6_cuda11.1_cudnn8_0
  - setuptools=58.0.4=py36ha15d459_2
  - tbb=2021.7.0=h91493d7_0
  - tk=8.6.12=h8ffe710_0
  - torchaudio=0.8.0=py36
  - torchvision=0.9.0=py36_cu111
  - typing_extensions=4.1.1=pyha770c72_0
  - ucrt=10.0.22621.0=h57928b3_0
  - vc=14.3=h64f974e_17
  - vc14_runtime=14.36.32532=hfdfe4a8_17
  - vs2015_runtime=14.36.32532=h05e6639_17
  - wheel=0.37.1=pyhd8ed1ab_0
  - zlib=1.2.11=h8d14728_1011
  - pip:
      - colorama==0.4.5
      - cycler==0.11.0
      - importlib-resources==5.4.0
      - kiwisolver==1.3.1
      - matplotlib==3.3.4
      - numpy==1.18.3
      - pandas==1.1.5
      - pillow==8.4.0
      - pyparsing==3.1.0
      - python-dateutil==2.8.2
      - pytz==2023.3
      - six==1.16.0
      - tqdm==4.64.1
      - zipp==3.6.0
prefix: C:\Users\shawo\mambaforge\envs\yolo_venv
